OG_name	AT_prot	HV_OrthoMCL	TA_OrthoMCL	
OG3.5_1000	1	31	28	
OG3.5_1001	1	12	24	
OG3.5_1002	1	12	9	
OG3.5_1003	1	14	6	
OG3.5_1004	0	12	7	
OG3.5_1005	1	9	9	
OG3.5_1006	3	5	9	
OG3.5_1007	3	5	8	
OG3.5_1008	3	12	1	
OG3.5_1009	1	5	8	
OG3.5_1010	0	9	4	
OG3.5_1011	1	5	7	
OG3.5_1012	1	5	7	
OG3.5_1013	0	11	2	
OG3.5_1014	3	3	6	
OG3.5_1015	0	12	0	
OG3.5_1016	1	6	5	
OG3.5_1017	0	8	4	
OG3.5_1018	1	5	5	
OG3.5_1019	1	4	6	
OG3.5_1020	1	6	4	
OG3.5_1021	1	5	5	
OG3.5_1022	1	6	4	
OG3.5_1023	1	4	6	
OG3.5_1024	1	6	4	
OG3.5_1025	0	11	0	
OG3.5_1026	0	8	2	
OG3.5_1027	1	4	5	
OG3.5_1028	0	0	10	
OG3.5_1029	3	3	3	
OG3.5_1030	0	8	1	
OG3.5_1031	1	5	3	
OG3.5_1032	0	5	4	
OG3.5_1033	1	5	3	
OG3.5_1034	0	6	3	
OG3.5_1035	0	9	0	
OG3.5_1036	1	5	3	
OG3.5_1037	1	1	7	
OG3.5_1038	2	4	2	
OG3.5_1039	1	4	3	
OG3.5_1040	1	4	3	
OG3.5_1041	0	5	3	
OG3.5_1042	0	5	3	
OG3.5_1043	1	4	3	
OG3.5_1044	1	4	3	
OG3.5_1045	1	4	3	
OG3.5_1046	1	3	4	
OG3.5_1047	0	0	8	
OG3.5_1048	2	4	1	
OG3.5_1049	2	3	2	
OG3.5_1050	3	0	4	
OG3.5_1051	2	2	3	
OG3.5_1052	0	4	3	
OG3.5_1053	0	4	3	
OG3.5_1054	1	3	3	
OG3.5_1055	1	3	3	
OG3.5_1056	1	5	1	
OG3.5_1057	1	3	3	
OG3.5_1058	1	4	2	
OG3.5_1059	0	0	7	
OG3.5_1060	1	1	5	
OG3.5_1061	1	1	5	
OG3.5_1062	2	1	3	
OG3.5_1063	6	0	0	
OG3.5_1064	0	3	3	
OG3.5_1065	0	2	4	
OG3.5_1066	1	2	3	
OG3.5_1067	0	3	3	
OG3.5_1068	1	2	3	
OG3.5_1069	0	3	3	
OG3.5_1070	1	3	2	
OG3.5_1071	0	3	3	
OG3.5_1072	0	3	3	
OG3.5_1073	1	2	3	
OG3.5_1074	1	2	3	
OG3.5_1075	1	2	3	
OG3.5_1076	1	1	4	
OG3.5_1077	1	1	4	
OG3.5_1078	0	1	5	
OG3.5_1079	1	1	4	
OG3.5_1080	2	1	2	
OG3.5_1081	3	1	1	
OG3.5_1082	2	1	2	
OG3.5_1083	2	1	2	
OG3.5_1084	2	1	2	
OG3.5_1085	0	2	3	
OG3.5_1086	1	2	2	
OG3.5_1087	0	2	3	
OG3.5_1088	0	2	3	
OG3.5_1089	0	2	3	
OG3.5_1090	1	2	2	
OG3.5_1091	0	2	3	
OG3.5_1092	0	2	3	
OG3.5_1093	0	2	3	
OG3.5_1094	1	2	2	
OG3.5_1095	0	2	3	
OG3.5_1096	0	4	1	
OG3.5_1097	0	2	3	
OG3.5_1098	0	4	1	
OG3.5_1099	1	2	2	
OG3.5_1100	1	2	2	
OG3.5_1101	1	1	3	
OG3.5_1102	1	1	3	
OG3.5_1103	1	1	3	
OG3.5_1104	1	1	3	
OG3.5_1105	1	1	3	
OG3.5_1106	1	0	4	
OG3.5_1107	1	0	4	
OG3.5_1108	1	1	3	
OG3.5_1109	1	1	3	
OG3.5_1110	0	1	4	
OG3.5_1111	0	1	4	
OG3.5_1112	0	1	4	
OG3.5_1113	0	1	4	
OG3.5_1114	1	1	3	
OG3.5_1115	2	1	1	
OG3.5_1116	2	0	2	
OG3.5_1117	3	1	0	
OG3.5_1118	2	1	1	
OG3.5_1119	0	4	0	
OG3.5_1120	0	2	2	
OG3.5_1121	0	2	2	
OG3.5_1122	0	2	2	
OG3.5_1123	0	2	2	
OG3.5_1124	0	3	1	
OG3.5_1125	0	4	0	
OG3.5_1126	0	2	2	
OG3.5_1127	0	2	2	
OG3.5_1128	0	3	1	
OG3.5_1129	1	2	1	
OG3.5_1130	0	2	2	
OG3.5_1131	0	3	1	
OG3.5_1132	0	2	2	
OG3.5_1133	1	2	1	
OG3.5_1134	0	2	2	
OG3.5_1135	0	2	2	
OG3.5_1136	1	2	1	
OG3.5_1137	0	2	2	
OG3.5_1138	1	1	2	
OG3.5_1139	1	1	2	
OG3.5_1140	0	0	4	
OG3.5_1141	1	1	2	
OG3.5_1142	0	1	3	
OG3.5_1143	1	1	2	
OG3.5_1144	1	1	2	
OG3.5_1145	0	0	4	
OG3.5_1146	0	1	3	
OG3.5_1147	1	1	2	
OG3.5_1148	1	1	2	
OG3.5_1149	0	1	3	
OG3.5_1150	0	1	3	
OG3.5_1151	0	1	3	
OG3.5_1152	0	1	3	
OG3.5_1153	1	1	2	
OG3.5_1154	0	1	3	
OG3.5_1155	0	1	3	
OG3.5_1156	0	0	4	
OG3.5_1157	0	1	3	
OG3.5_1158	0	1	3	
OG3.5_1159	0	1	3	
OG3.5_1160	0	1	3	
OG3.5_1161	1	1	2	
OG3.5_1162	0	1	3	
OG3.5_1163	1	1	2	
OG3.5_1164	0	1	3	
OG3.5_1165	0	1	3	
OG3.5_1166	1	0	3	
OG3.5_1167	0	1	3	
OG3.5_1168	1	1	2	
OG3.5_1169	1	0	3	
OG3.5_1170	1	0	3	
OG3.5_1171	0	4	0	
OG3.5_1172	0	4	0	
OG3.5_1173	2	0	1	
OG3.5_1174	3	0	0	
OG3.5_1175	0	2	1	
OG3.5_1176	0	2	1	
OG3.5_1177	0	3	0	
OG3.5_1178	0	2	1	
OG3.5_1179	0	2	1	
OG3.5_1180	0	3	0	
OG3.5_1181	0	2	1	
OG3.5_1182	0	2	1	
OG3.5_1183	0	2	1	
OG3.5_1184	0	2	1	
OG3.5_1185	0	2	1	
OG3.5_1186	0	3	0	
OG3.5_1187	0	2	1	
OG3.5_1188	0	2	1	
OG3.5_1189	0	3	0	
OG3.5_1190	0	3	0	
OG3.5_1191	0	2	1	
OG3.5_1192	0	2	1	
OG3.5_1193	0	3	0	
OG3.5_1194	0	3	0	
OG3.5_1195	0	2	1	
OG3.5_1196	0	3	0	
OG3.5_1197	0	2	1	
OG3.5_1198	0	2	1	
OG3.5_1199	0	3	0	
OG3.5_1200	0	2	1	
OG3.5_1201	1	2	0	
OG3.5_1202	0	3	0	
OG3.5_1203	0	2	1	
OG3.5_1204	0	0	3	
OG3.5_1205	0	0	3	
OG3.5_1206	0	0	3	
OG3.5_1207	0	1	2	
OG3.5_1208	0	0	3	
OG3.5_1209	0	1	2	
OG3.5_1210	0	0	3	
OG3.5_1211	0	1	2	
OG3.5_1212	0	0	3	
OG3.5_1213	0	0	3	
OG3.5_1214	0	0	3	
OG3.5_1215	0	0	3	
OG3.5_1216	0	0	3	
OG3.5_1217	0	1	2	
OG3.5_1218	0	0	3	
OG3.5_1219	0	0	3	
OG3.5_1220	0	1	2	
OG3.5_1221	0	1	2	
OG3.5_1222	0	1	2	
OG3.5_1223	0	1	2	
OG3.5_1224	0	1	2	
OG3.5_1225	0	1	2	
OG3.5_1226	0	1	2	
OG3.5_1227	0	1	2	
OG3.5_1228	0	1	2	
OG3.5_1229	0	1	2	
OG3.5_1230	0	1	2	
OG3.5_1231	0	0	3	
OG3.5_1232	0	1	2	
OG3.5_1233	0	1	2	
OG3.5_1234	0	0	3	
OG3.5_1235	0	1	2	
OG3.5_1236	0	1	2	
OG3.5_1237	0	0	3	
OG3.5_1238	0	1	2	
OG3.5_1239	0	1	2	
OG3.5_1240	0	3	0	
OG3.5_1241	0	3	0	
OG3.5_1242	1	1	1	
OG3.5_1243	1	1	1	
OG3.5_1244	1	1	1	
OG3.5_1245	1	1	1	
OG3.5_1246	1	1	1	
OG3.5_1247	1	1	1	
OG3.5_1248	1	1	1	
OG3.5_1249	2	0	0	
OG3.5_1250	2	0	0	
OG3.5_1251	2	0	0	
OG3.5_1252	2	0	0	
OG3.5_1253	2	0	0	
OG3.5_1254	1	0	1	
OG3.5_1255	2	0	0	
OG3.5_1256	2	0	0	
OG3.5_1257	2	0	0	
OG3.5_1258	0	2	0	
OG3.5_1259	0	2	0	
OG3.5_1260	0	2	0	
OG3.5_1261	0	2	0	
OG3.5_1262	0	2	0	
OG3.5_1263	0	2	0	
OG3.5_1264	0	2	0	
OG3.5_1265	0	2	0	
OG3.5_1266	0	2	0	
OG3.5_1267	0	2	0	
OG3.5_1268	0	2	0	
OG3.5_1269	0	2	0	
OG3.5_1270	0	2	0	
OG3.5_1271	0	2	0	
OG3.5_1272	0	2	0	
OG3.5_1273	0	2	0	
OG3.5_1274	0	2	0	
OG3.5_1275	0	2	0	
OG3.5_1276	0	0	2	
OG3.5_1277	0	0	2	
OG3.5_1278	0	0	2	
OG3.5_1279	0	0	2	
OG3.5_1280	0	0	2	
OG3.5_1281	0	0	2	
OG3.5_1282	0	0	2	
OG3.5_1283	0	0	2	
OG3.5_1284	0	0	2	
OG3.5_1285	0	0	2	
OG3.5_1286	0	0	2	
OG3.5_1287	0	0	2	
OG3.5_1288	0	0	2	
OG3.5_1289	0	0	2	
OG3.5_1290	0	0	2	
OG3.5_1291	0	0	2	
OG3.5_1292	0	0	2	
OG3.5_1293	0	0	2	
OG3.5_1294	0	0	2	
OG3.5_1295	0	0	2	
OG3.5_1296	0	0	2	
OG3.5_1297	0	0	2	
OG3.5_1298	0	0	2	
OG3.5_1299	0	0	2	
OG3.5_1300	0	0	2	
OG3.5_1301	0	0	2	
OG3.5_1302	0	0	2	
OG3.5_1303	0	0	2	
OG3.5_1304	0	0	2	
OG3.5_1305	0	0	2	
OG3.5_1306	0	0	2	
OG3.5_1307	0	0	2	
OG3.5_1308	0	0	2	
OG3.5_1309	0	0	2	
OG3.5_1310	0	0	2	
OG3.5_1311	0	0	2	
OG3.5_1312	0	0	2	
OG3.5_1313	0	0	2	
OG3.5_1314	0	0	2	
OG3.5_1315	0	0	2	
OG3.5_1316	0	0	2	
OG3.5_1317	0	1	1	
OG3.5_1318	1	0	1	
OG3.5_1319	1	1	0	
OG3.5_1320	1	0	1	
OG3.5_1321	0	1	1	
OG3.5_1322	1	1	0	
OG3.5_1323	1	1	0	
OG3.5_1324	0	1	1	
OG3.5_1325	0	1	1	
OG3.5_1326	0	1	1	
OG3.5_1327	0	1	1	
OG3.5_1328	0	1	1	
OG3.5_1329	0	1	1	
OG3.5_1330	0	1	1	
OG3.5_1331	0	1	1	
OG3.5_1332	0	1	1	
OG3.5_1333	0	1	1	
OG3.5_1334	0	1	1	
OG3.5_1335	0	1	1	
OG3.5_1336	0	1	1	
OG3.5_1337	0	1	1	
OG3.5_1338	0	1	1	
OG3.5_1339	0	1	1	
OG3.5_1340	0	1	1	
OG3.5_1341	0	1	1	
OG3.5_1342	0	1	1	
OG3.5_1343	0	1	1	
OG3.5_1344	0	1	1	
OG3.5_1345	0	1	1	
OG3.5_1346	0	1	1	
OG3.5_1347	0	1	1	
OG3.5_1348	0	1	1	
OG3.5_1349	0	1	1	
OG3.5_1350	0	1	1	
OG3.5_1351	0	1	1	
OG3.5_1352	0	1	1	
OG3.5_1353	0	1	1	
OG3.5_1354	0	1	1	
OG3.5_1355	0	1	1	
OG3.5_1356	0	0	1	
OG3.5_1357	1	0	0	
OG3.5_1358	1	0	0	
