OG_name	AT_prot	HV_OrthoMCL	TA_OrthoMCL	
OG0.0_1000	1	31	28	
OG0.0_1001	1	12	24	
OG0.0_1002	1	12	9	
OG0.0_1003	1	14	6	
OG0.0_1004	0	12	7	
OG0.0_1005	1	9	9	
OG0.0_1006	3	5	9	
OG0.0_1007	3	5	8	
OG0.0_1008	3	12	1	
OG0.0_1009	1	5	8	
OG0.0_1010	0	9	4	
OG0.0_1011	1	5	7	
OG0.0_1012	1	5	7	
OG0.0_1013	0	11	2	
OG0.0_1014	3	3	6	
OG0.0_1015	0	12	0	
OG0.0_1016	1	6	5	
OG0.0_1017	0	8	4	
OG0.0_1018	1	5	5	
OG0.0_1019	1	4	6	
OG0.0_1020	1	6	4	
OG0.0_1021	1	5	5	
OG0.0_1022	1	6	4	
OG0.0_1023	1	4	6	
OG0.0_1024	1	6	4	
OG0.0_1025	0	11	0	
OG0.0_1026	0	8	2	
OG0.0_1027	1	4	5	
OG0.0_1028	0	0	10	
OG0.0_1029	3	3	3	
OG0.0_1030	1	5	3	
OG0.0_1031	0	8	1	
OG0.0_1032	1	5	3	
OG0.0_1033	0	5	4	
OG0.0_1034	1	5	3	
OG0.0_1035	0	6	3	
OG0.0_1036	0	9	0	
OG0.0_1037	1	5	3	
OG0.0_1038	0	0	9	
OG0.0_1039	1	1	7	
OG0.0_1040	3	2	3	
OG0.0_1041	2	4	2	
OG0.0_1042	1	4	3	
OG0.0_1043	1	4	3	
OG0.0_1044	0	5	3	
OG0.0_1045	0	5	3	
OG0.0_1046	1	4	3	
OG0.0_1047	1	4	3	
OG0.0_1048	1	3	4	
OG0.0_1049	1	4	3	
OG0.0_1050	1	3	4	
OG0.0_1051	0	0	8	
OG0.0_1052	1	1	6	
OG0.0_1053	2	4	1	
OG0.0_1054	2	3	2	
OG0.0_1055	3	0	4	
OG0.0_1056	2	2	3	
OG0.0_1057	2	2	3	
OG0.0_1058	0	4	3	
OG0.0_1059	1	3	3	
OG0.0_1060	1	3	3	
OG0.0_1061	1	5	1	
OG0.0_1062	1	3	3	
OG0.0_1063	1	4	2	
OG0.0_1064	0	0	7	
OG0.0_1065	1	1	5	
OG0.0_1066	2	1	3	
OG0.0_1067	6	0	0	
OG0.0_1068	2	0	4	
OG0.0_1069	3	1	2	
OG0.0_1070	0	3	3	
OG0.0_1071	0	2	4	
OG0.0_1072	1	2	3	
OG0.0_1073	0	3	3	
OG0.0_1074	0	6	0	
OG0.0_1075	1	2	3	
OG0.0_1076	0	3	3	
OG0.0_1077	1	4	1	
OG0.0_1078	1	3	2	
OG0.0_1079	0	3	3	
OG0.0_1080	0	3	3	
OG0.0_1081	1	2	3	
OG0.0_1082	1	2	3	
OG0.0_1083	1	2	3	
OG0.0_1084	1	1	4	
OG0.0_1085	1	1	4	
OG0.0_1086	0	1	5	
OG0.0_1087	1	1	4	
OG0.0_1088	1	1	4	
OG0.0_1089	2	1	2	
OG0.0_1090	3	1	1	
OG0.0_1091	2	1	2	
OG0.0_1092	2	1	2	
OG0.0_1093	2	1	2	
OG0.0_1094	2	1	2	
OG0.0_1095	0	2	3	
OG0.0_1096	1	2	2	
OG0.0_1097	0	2	3	
OG0.0_1098	0	2	3	
OG0.0_1099	0	2	3	
OG0.0_1100	1	2	2	
OG0.0_1101	0	2	3	
OG0.0_1102	0	2	3	
OG0.0_1103	1	2	2	
OG0.0_1104	0	2	3	
OG0.0_1105	0	4	1	
OG0.0_1106	0	2	3	
OG0.0_1107	1	2	2	
OG0.0_1108	1	2	2	
OG0.0_1109	1	1	3	
OG0.0_1110	1	1	3	
OG0.0_1111	1	1	3	
OG0.0_1112	1	1	3	
OG0.0_1113	1	1	3	
OG0.0_1114	1	0	4	
OG0.0_1115	1	0	4	
OG0.0_1116	1	1	3	
OG0.0_1117	1	1	3	
OG0.0_1118	0	1	4	
OG0.0_1119	0	1	4	
OG0.0_1120	0	1	4	
OG0.0_1121	1	1	3	
OG0.0_1122	3	0	1	
OG0.0_1123	2	1	1	
OG0.0_1124	2	1	1	
OG0.0_1125	0	4	0	
OG0.0_1126	0	2	2	
OG0.0_1127	0	2	2	
OG0.0_1128	0	2	2	
OG0.0_1129	0	2	2	
OG0.0_1130	0	3	1	
OG0.0_1131	0	2	2	
OG0.0_1132	0	2	2	
OG0.0_1133	0	3	1	
OG0.0_1134	1	2	1	
OG0.0_1135	0	2	2	
OG0.0_1136	0	3	1	
OG0.0_1137	0	2	2	
OG0.0_1138	0	2	2	
OG0.0_1139	0	2	2	
OG0.0_1140	1	2	1	
OG0.0_1141	0	2	2	
OG0.0_1142	1	1	2	
OG0.0_1143	1	1	2	
OG0.0_1144	1	1	2	
OG0.0_1145	0	1	3	
OG0.0_1146	1	1	2	
OG0.0_1147	1	1	2	
OG0.0_1148	0	0	4	
OG0.0_1149	0	1	3	
OG0.0_1150	1	1	2	
OG0.0_1151	1	1	2	
OG0.0_1152	0	1	3	
OG0.0_1153	0	1	3	
OG0.0_1154	0	1	3	
OG0.0_1155	1	1	2	
OG0.0_1156	0	1	3	
OG0.0_1157	0	1	3	
OG0.0_1158	0	0	4	
OG0.0_1159	0	1	3	
OG0.0_1160	0	1	3	
OG0.0_1161	0	1	3	
OG0.0_1162	0	1	3	
OG0.0_1163	1	1	2	
OG0.0_1164	0	1	3	
OG0.0_1165	1	1	2	
OG0.0_1166	0	1	3	
OG0.0_1167	1	0	3	
OG0.0_1168	0	1	3	
OG0.0_1169	1	1	2	
OG0.0_1170	1	0	3	
OG0.0_1171	1	0	3	
OG0.0_1172	0	4	0	
OG0.0_1173	0	4	0	
OG0.0_1174	1	1	2	
OG0.0_1175	2	0	1	
OG0.0_1176	0	2	1	
OG0.0_1177	0	2	1	
OG0.0_1178	0	3	0	
OG0.0_1179	0	2	1	
OG0.0_1180	0	2	1	
OG0.0_1181	0	3	0	
OG0.0_1182	0	2	1	
OG0.0_1183	0	2	1	
OG0.0_1184	0	2	1	
OG0.0_1185	0	2	1	
OG0.0_1186	0	2	1	
OG0.0_1187	0	3	0	
OG0.0_1188	0	2	1	
OG0.0_1189	0	2	1	
OG0.0_1190	0	3	0	
OG0.0_1191	0	3	0	
OG0.0_1192	0	2	1	
OG0.0_1193	0	2	1	
OG0.0_1194	0	3	0	
OG0.0_1195	0	3	0	
OG0.0_1196	0	2	1	
OG0.0_1197	0	3	0	
OG0.0_1198	0	2	1	
OG0.0_1199	0	2	1	
OG0.0_1200	0	3	0	
OG0.0_1201	0	2	1	
OG0.0_1202	1	2	0	
OG0.0_1203	0	3	0	
OG0.0_1204	0	2	1	
OG0.0_1205	0	0	3	
OG0.0_1206	0	0	3	
OG0.0_1207	0	0	3	
OG0.0_1208	0	1	2	
OG0.0_1209	0	0	3	
OG0.0_1210	0	1	2	
OG0.0_1211	0	0	3	
OG0.0_1212	0	1	2	
OG0.0_1213	0	0	3	
OG0.0_1214	0	0	3	
OG0.0_1215	0	0	3	
OG0.0_1216	0	0	3	
OG0.0_1217	0	1	2	
OG0.0_1218	0	0	3	
OG0.0_1219	0	0	3	
OG0.0_1220	0	1	2	
OG0.0_1221	0	1	2	
OG0.0_1222	0	1	2	
OG0.0_1223	0	1	2	
OG0.0_1224	0	1	2	
OG0.0_1225	0	1	2	
OG0.0_1226	0	1	2	
OG0.0_1227	0	1	2	
OG0.0_1228	0	1	2	
OG0.0_1229	0	1	2	
OG0.0_1230	0	0	3	
OG0.0_1231	0	1	2	
OG0.0_1232	0	1	2	
OG0.0_1233	0	0	3	
OG0.0_1234	0	1	2	
OG0.0_1235	0	0	3	
OG0.0_1236	0	1	2	
OG0.0_1237	0	1	2	
OG0.0_1238	0	3	0	
OG0.0_1239	0	3	0	
OG0.0_1240	1	1	1	
OG0.0_1241	1	1	1	
OG0.0_1242	1	1	1	
OG0.0_1243	1	1	1	
OG0.0_1244	1	1	1	
OG0.0_1245	1	1	1	
OG0.0_1246	1	1	1	
OG0.0_1247	2	0	0	
OG0.0_1248	2	0	0	
OG0.0_1249	2	0	0	
OG0.0_1250	2	0	0	
OG0.0_1251	2	0	0	
OG0.0_1252	0	2	0	
OG0.0_1253	0	2	0	
OG0.0_1254	0	2	0	
OG0.0_1255	0	2	0	
OG0.0_1256	0	2	0	
OG0.0_1257	0	2	0	
OG0.0_1258	0	2	0	
OG0.0_1259	0	2	0	
OG0.0_1260	0	2	0	
OG0.0_1261	0	2	0	
OG0.0_1262	0	2	0	
OG0.0_1263	0	2	0	
OG0.0_1264	0	2	0	
OG0.0_1265	0	2	0	
OG0.0_1266	0	2	0	
OG0.0_1267	0	2	0	
OG0.0_1268	0	2	0	
OG0.0_1269	0	0	2	
OG0.0_1270	0	0	2	
OG0.0_1271	0	0	2	
OG0.0_1272	0	0	2	
OG0.0_1273	0	0	2	
OG0.0_1274	0	0	2	
OG0.0_1275	0	0	2	
OG0.0_1276	0	0	2	
OG0.0_1277	0	0	2	
OG0.0_1278	0	0	2	
OG0.0_1279	0	0	2	
OG0.0_1280	0	0	2	
OG0.0_1281	0	0	2	
OG0.0_1282	0	0	2	
OG0.0_1283	0	0	2	
OG0.0_1284	0	0	2	
OG0.0_1285	0	0	2	
OG0.0_1286	0	0	2	
OG0.0_1287	0	0	2	
OG0.0_1288	0	0	2	
OG0.0_1289	0	0	2	
OG0.0_1290	0	0	2	
OG0.0_1291	0	0	2	
OG0.0_1292	0	0	2	
OG0.0_1293	0	0	2	
OG0.0_1294	0	0	2	
OG0.0_1295	0	0	2	
OG0.0_1296	0	0	2	
OG0.0_1297	0	0	2	
OG0.0_1298	0	0	2	
OG0.0_1299	0	0	2	
OG0.0_1300	0	0	2	
OG0.0_1301	0	0	2	
OG0.0_1302	0	0	2	
OG0.0_1303	0	0	2	
OG0.0_1304	0	0	2	
OG0.0_1305	0	0	2	
OG0.0_1306	0	0	2	
OG0.0_1307	0	0	2	
OG0.0_1308	0	1	1	
OG0.0_1309	1	0	1	
OG0.0_1310	1	1	0	
OG0.0_1311	1	1	0	
OG0.0_1312	0	1	1	
OG0.0_1313	0	1	1	
OG0.0_1314	0	1	1	
OG0.0_1315	0	1	1	
OG0.0_1316	0	1	1	
OG0.0_1317	0	1	1	
OG0.0_1318	0	1	1	
OG0.0_1319	0	1	1	
OG0.0_1320	0	1	1	
OG0.0_1321	0	1	1	
OG0.0_1322	0	1	1	
OG0.0_1323	0	1	1	
OG0.0_1324	0	1	1	
OG0.0_1325	0	1	1	
OG0.0_1326	0	1	1	
OG0.0_1327	0	1	1	
OG0.0_1328	0	1	1	
OG0.0_1329	0	1	1	
OG0.0_1330	0	1	1	
OG0.0_1331	0	1	1	
OG0.0_1332	0	1	1	
OG0.0_1333	0	1	1	
OG0.0_1334	0	1	1	
OG0.0_1335	0	1	1	
OG0.0_1336	0	1	1	
OG0.0_1337	0	1	1	
OG0.0_1338	0	1	1	
OG0.0_1339	0	1	1	
OG0.0_1340	0	1	1	
OG0.0_1341	0	1	1	
OG0.0_1342	0	1	1	
OG0.0_1343	0	1	1	
