OG_name	AT_prot	HV_OrthoMCL	TA_OrthoMCL	
OG5.0_1000	1	31	28	
OG5.0_1001	1	12	24	
OG5.0_1002	1	14	6	
OG5.0_1003	0	12	7	
OG5.0_1004	1	12	6	
OG5.0_1005	1	9	9	
OG5.0_1006	3	5	9	
OG5.0_1007	3	5	8	
OG5.0_1008	3	12	1	
OG5.0_1009	1	5	8	
OG5.0_1010	0	9	4	
OG5.0_1011	1	5	7	
OG5.0_1012	1	5	7	
OG5.0_1013	0	11	2	
OG5.0_1014	3	3	6	
OG5.0_1015	0	12	0	
OG5.0_1016	1	6	5	
OG5.0_1017	0	8	4	
OG5.0_1018	1	5	5	
OG5.0_1019	1	4	6	
OG5.0_1020	1	6	4	
OG5.0_1021	1	5	5	
OG5.0_1022	1	6	4	
OG5.0_1023	1	4	6	
OG5.0_1024	1	6	4	
OG5.0_1025	0	11	0	
OG5.0_1026	0	8	2	
OG5.0_1027	1	4	5	
OG5.0_1028	0	0	10	
OG5.0_1029	3	3	3	
OG5.0_1030	0	8	1	
OG5.0_1031	1	5	3	
OG5.0_1032	0	5	4	
OG5.0_1033	1	5	3	
OG5.0_1034	0	6	3	
OG5.0_1035	0	9	0	
OG5.0_1036	1	5	3	
OG5.0_1037	1	1	7	
OG5.0_1038	2	4	2	
OG5.0_1039	1	4	3	
OG5.0_1040	1	4	3	
OG5.0_1041	0	5	3	
OG5.0_1042	0	5	3	
OG5.0_1043	1	4	3	
OG5.0_1044	1	4	3	
OG5.0_1045	1	4	3	
OG5.0_1046	1	3	4	
OG5.0_1047	0	0	8	
OG5.0_1048	2	4	1	
OG5.0_1049	2	3	2	
OG5.0_1050	2	2	3	
OG5.0_1051	0	4	3	
OG5.0_1052	0	4	3	
OG5.0_1053	1	3	3	
OG5.0_1054	1	3	3	
OG5.0_1055	1	5	1	
OG5.0_1056	1	3	3	
OG5.0_1057	1	4	2	
OG5.0_1058	0	0	7	
OG5.0_1059	1	1	5	
OG5.0_1060	2	1	3	
OG5.0_1061	6	0	0	
OG5.0_1062	0	3	3	
OG5.0_1063	0	2	4	
OG5.0_1064	1	2	3	
OG5.0_1065	0	3	3	
OG5.0_1066	1	2	3	
OG5.0_1067	0	3	3	
OG5.0_1068	0	3	3	
OG5.0_1069	0	3	3	
OG5.0_1070	1	2	3	
OG5.0_1071	1	2	3	
OG5.0_1072	1	2	3	
OG5.0_1073	1	1	4	
OG5.0_1074	1	1	4	
OG5.0_1075	0	1	5	
OG5.0_1076	1	1	4	
OG5.0_1077	2	1	2	
OG5.0_1078	3	1	1	
OG5.0_1079	2	1	2	
OG5.0_1080	2	1	2	
OG5.0_1081	2	1	2	
OG5.0_1082	0	2	3	
OG5.0_1083	1	2	2	
OG5.0_1084	0	2	3	
OG5.0_1085	0	2	3	
OG5.0_1086	0	2	3	
OG5.0_1087	1	2	2	
OG5.0_1088	0	2	3	
OG5.0_1089	0	2	3	
OG5.0_1090	0	2	3	
OG5.0_1091	1	2	2	
OG5.0_1092	0	2	3	
OG5.0_1093	0	4	1	
OG5.0_1094	0	2	3	
OG5.0_1095	0	4	1	
OG5.0_1096	1	2	2	
OG5.0_1097	1	2	2	
OG5.0_1098	1	1	3	
OG5.0_1099	1	1	3	
OG5.0_1100	1	1	3	
OG5.0_1101	1	1	3	
OG5.0_1102	1	1	3	
OG5.0_1103	1	0	4	
OG5.0_1104	1	0	4	
OG5.0_1105	1	1	3	
OG5.0_1106	1	1	3	
OG5.0_1107	0	1	4	
OG5.0_1108	0	1	4	
OG5.0_1109	0	1	4	
OG5.0_1110	0	1	4	
OG5.0_1111	1	1	3	
OG5.0_1112	3	0	1	
OG5.0_1113	2	1	1	
OG5.0_1114	2	0	2	
OG5.0_1115	3	1	0	
OG5.0_1116	2	1	1	
OG5.0_1117	0	4	0	
OG5.0_1118	0	2	2	
OG5.0_1119	0	2	2	
OG5.0_1120	0	2	2	
OG5.0_1121	0	2	2	
OG5.0_1122	0	3	1	
OG5.0_1123	0	4	0	
OG5.0_1124	0	2	2	
OG5.0_1125	0	2	2	
OG5.0_1126	0	3	1	
OG5.0_1127	1	2	1	
OG5.0_1128	0	2	2	
OG5.0_1129	0	3	1	
OG5.0_1130	0	2	2	
OG5.0_1131	1	2	1	
OG5.0_1132	0	2	2	
OG5.0_1133	0	2	2	
OG5.0_1134	1	2	1	
OG5.0_1135	0	2	2	
OG5.0_1136	1	1	2	
OG5.0_1137	1	1	2	
OG5.0_1138	0	0	4	
OG5.0_1139	1	1	2	
OG5.0_1140	0	1	3	
OG5.0_1141	1	1	2	
OG5.0_1142	1	1	2	
OG5.0_1143	0	0	4	
OG5.0_1144	0	1	3	
OG5.0_1145	1	1	2	
OG5.0_1146	1	1	2	
OG5.0_1147	0	1	3	
OG5.0_1148	0	1	3	
OG5.0_1149	0	1	3	
OG5.0_1150	0	1	3	
OG5.0_1151	1	1	2	
OG5.0_1152	0	1	3	
OG5.0_1153	0	1	3	
OG5.0_1154	0	0	4	
OG5.0_1155	0	1	3	
OG5.0_1156	0	1	3	
OG5.0_1157	0	1	3	
OG5.0_1158	0	1	3	
OG5.0_1159	1	1	2	
OG5.0_1160	0	1	3	
OG5.0_1161	1	1	2	
OG5.0_1162	0	1	3	
OG5.0_1163	0	1	3	
OG5.0_1164	1	0	3	
OG5.0_1165	0	1	3	
OG5.0_1166	1	1	2	
OG5.0_1167	1	0	3	
OG5.0_1168	1	0	3	
OG5.0_1169	0	4	0	
OG5.0_1170	0	4	0	
OG5.0_1171	2	0	1	
OG5.0_1172	3	0	0	
OG5.0_1173	0	2	1	
OG5.0_1174	0	2	1	
OG5.0_1175	0	3	0	
OG5.0_1176	0	2	1	
OG5.0_1177	0	2	1	
OG5.0_1178	0	3	0	
OG5.0_1179	0	2	1	
OG5.0_1180	0	2	1	
OG5.0_1181	0	2	1	
OG5.0_1182	0	2	1	
OG5.0_1183	0	2	1	
OG5.0_1184	0	3	0	
OG5.0_1185	0	2	1	
OG5.0_1186	0	2	1	
OG5.0_1187	0	3	0	
OG5.0_1188	1	2	0	
OG5.0_1189	0	3	0	
OG5.0_1190	0	2	1	
OG5.0_1191	0	2	1	
OG5.0_1192	0	3	0	
OG5.0_1193	0	3	0	
OG5.0_1194	0	2	1	
OG5.0_1195	0	3	0	
OG5.0_1196	0	2	1	
OG5.0_1197	0	2	1	
OG5.0_1198	0	3	0	
OG5.0_1199	0	2	1	
OG5.0_1200	1	2	0	
OG5.0_1201	0	3	0	
OG5.0_1202	0	2	1	
OG5.0_1203	0	0	3	
OG5.0_1204	0	0	3	
OG5.0_1205	0	0	3	
OG5.0_1206	0	1	2	
OG5.0_1207	0	1	2	
OG5.0_1208	0	0	3	
OG5.0_1209	0	0	3	
OG5.0_1210	0	1	2	
OG5.0_1211	0	0	3	
OG5.0_1212	0	0	3	
OG5.0_1213	0	0	3	
OG5.0_1214	0	0	3	
OG5.0_1215	0	0	3	
OG5.0_1216	0	0	3	
OG5.0_1217	0	1	2	
OG5.0_1218	0	0	3	
OG5.0_1219	0	0	3	
OG5.0_1220	0	0	3	
OG5.0_1221	0	1	2	
OG5.0_1222	0	1	2	
OG5.0_1223	0	1	2	
OG5.0_1224	0	1	2	
OG5.0_1225	0	1	2	
OG5.0_1226	0	1	2	
OG5.0_1227	0	1	2	
OG5.0_1228	0	1	2	
OG5.0_1229	0	1	2	
OG5.0_1230	0	1	2	
OG5.0_1231	0	1	2	
OG5.0_1232	0	0	3	
OG5.0_1233	0	1	2	
OG5.0_1234	0	1	2	
OG5.0_1235	1	1	1	
OG5.0_1236	0	0	3	
OG5.0_1237	0	1	2	
OG5.0_1238	0	1	2	
OG5.0_1239	0	1	2	
OG5.0_1240	0	0	3	
OG5.0_1241	0	1	2	
OG5.0_1242	0	1	2	
OG5.0_1243	0	3	0	
OG5.0_1244	0	3	0	
OG5.0_1245	1	1	1	
OG5.0_1246	1	1	1	
OG5.0_1247	1	1	1	
OG5.0_1248	1	1	1	
OG5.0_1249	1	1	1	
OG5.0_1250	1	1	1	
OG5.0_1251	1	1	1	
OG5.0_1252	2	0	0	
OG5.0_1253	2	0	0	
OG5.0_1254	2	0	0	
OG5.0_1255	2	0	0	
OG5.0_1256	2	0	0	
OG5.0_1257	1	0	1	
OG5.0_1258	2	0	0	
OG5.0_1259	2	0	0	
OG5.0_1260	2	0	0	
OG5.0_1261	0	2	0	
OG5.0_1262	0	2	0	
OG5.0_1263	0	2	0	
OG5.0_1264	0	2	0	
OG5.0_1265	0	2	0	
OG5.0_1266	0	2	0	
OG5.0_1267	0	2	0	
OG5.0_1268	0	2	0	
OG5.0_1269	0	2	0	
OG5.0_1270	0	2	0	
OG5.0_1271	0	2	0	
OG5.0_1272	0	2	0	
OG5.0_1273	0	2	0	
OG5.0_1274	0	2	0	
OG5.0_1275	0	2	0	
OG5.0_1276	0	2	0	
OG5.0_1277	0	2	0	
OG5.0_1278	0	2	0	
OG5.0_1279	0	0	2	
OG5.0_1280	0	0	2	
OG5.0_1281	0	0	2	
OG5.0_1282	0	0	2	
OG5.0_1283	0	0	2	
OG5.0_1284	0	0	2	
OG5.0_1285	0	0	2	
OG5.0_1286	0	0	2	
OG5.0_1287	0	0	2	
OG5.0_1288	0	0	2	
OG5.0_1289	0	0	2	
OG5.0_1290	0	0	2	
OG5.0_1291	0	0	2	
OG5.0_1292	0	0	2	
OG5.0_1293	0	0	2	
OG5.0_1294	0	0	2	
OG5.0_1295	0	0	2	
OG5.0_1296	0	0	2	
OG5.0_1297	0	0	2	
OG5.0_1298	0	0	2	
OG5.0_1299	0	0	2	
OG5.0_1300	0	0	2	
OG5.0_1301	0	0	2	
OG5.0_1302	0	0	2	
OG5.0_1303	0	0	2	
OG5.0_1304	0	0	2	
OG5.0_1305	0	0	2	
OG5.0_1306	0	0	2	
OG5.0_1307	0	0	2	
OG5.0_1308	0	0	2	
OG5.0_1309	0	0	2	
OG5.0_1310	0	0	2	
OG5.0_1311	0	0	2	
OG5.0_1312	0	0	2	
OG5.0_1313	0	0	2	
OG5.0_1314	0	0	2	
OG5.0_1315	0	0	2	
OG5.0_1316	0	0	2	
OG5.0_1317	0	0	2	
OG5.0_1318	0	0	2	
OG5.0_1319	0	0	2	
OG5.0_1320	0	0	2	
OG5.0_1321	0	1	1	
OG5.0_1322	1	0	1	
OG5.0_1323	1	1	0	
OG5.0_1324	1	0	1	
OG5.0_1325	0	1	1	
OG5.0_1326	1	1	0	
OG5.0_1327	1	1	0	
OG5.0_1328	0	1	1	
OG5.0_1329	0	1	1	
OG5.0_1330	0	1	1	
OG5.0_1331	0	1	1	
OG5.0_1332	0	1	1	
OG5.0_1333	0	1	1	
OG5.0_1334	0	1	1	
OG5.0_1335	0	1	1	
OG5.0_1336	0	1	1	
OG5.0_1337	0	1	1	
OG5.0_1338	0	1	1	
OG5.0_1339	0	1	1	
OG5.0_1340	0	1	1	
OG5.0_1341	0	1	1	
OG5.0_1342	0	1	1	
OG5.0_1343	0	1	1	
OG5.0_1344	0	1	1	
OG5.0_1345	0	1	1	
OG5.0_1346	0	1	1	
OG5.0_1347	0	1	1	
OG5.0_1348	0	1	1	
OG5.0_1349	0	1	1	
OG5.0_1350	0	1	1	
OG5.0_1351	0	1	1	
OG5.0_1352	0	1	1	
OG5.0_1353	0	1	1	
OG5.0_1354	0	1	1	
OG5.0_1355	0	1	1	
OG5.0_1356	0	1	1	
OG5.0_1357	0	1	1	
OG5.0_1358	0	1	1	
OG5.0_1359	0	1	1	
OG5.0_1360	0	0	1	
OG5.0_1361	0	0	1	
OG5.0_1362	0	0	1	
OG5.0_1363	1	0	0	
OG5.0_1364	1	0	0	
